Mask_class_0,Mask_class_1,Mask_class_2,Pred_class_0,Pred_class_1,Pred_class_2,Dice_class1,Dice_class_2,psnr,ssim,patch name
16292,0,92,16384,0,0,9.999696e-07,1.999644e-06,22.067330715716416,0.2765726196106785,Platte_20220516_Maize_005_0000.png
16238,0,146,16384,0,0,9.999696e-07,1.9997753e-06,22.27938454786104,0.24881726617523037,Platte_20220516_Maize_005_0001.png
16211,0,173,16384,0,0,9.999696e-07,1.9998106e-06,21.922005793265473,0.23389112131856726,Platte_20220516_Maize_005_0002.png
16294,0,90,16384,0,0,9.999696e-07,1.999636e-06,22.830693298290843,0.2730304573963505,Platte_20220516_Maize_005_0003.png
16328,0,56,16384,0,0,9.999696e-07,1.999415e-06,25.380881009077765,0.43714644384400186,Platte_20220516_Maize_005_0004.png
16349,0,35,16384,0,0,9.999696e-07,1.9990648e-06,24.66251591592296,0.3543587094678135,Platte_20220516_Maize_005_0005.png
15943,0,441,16384,0,0,9.999696e-07,1.9999256e-06,22.798088159040446,0.26598671923279776,Platte_20220516_Maize_005_0006.png
16183,0,201,16384,0,0,9.999696e-07,1.9998367e-06,21.601492290417266,0.21327552929365054,Platte_20220516_Maize_005_0007.png
16164,0,220,16239,0,145,nan,0.6410404,22.810962292991572,0.26819575255050193,Platte_20220516_Maize_005_0008.png
15776,0,608,16033,217,134,1.9998486e-06,0.34500024,21.981098272174677,0.29161937531208454,Platte_20220516_Maize_005_0009.png
15156,0,1228,15267,0,1117,nan,0.72579145,22.89773231506997,0.29099630077002053,Platte_20220516_Maize_005_0010.png
16196,0,188,16292,0,92,nan,0.6213578,22.321835862772556,0.2790291996635747,Platte_20220516_Maize_005_0011.png
16284,0,100,16384,0,0,9.999696e-07,1.9996723e-06,25.968265397449795,0.41922305068509985,Platte_20220516_Maize_005_0012.png
16236,0,148,16384,0,0,9.999696e-07,1.9997788e-06,27.17506456976961,0.5092402922086859,Platte_20220516_Maize_005_0013.png
16248,0,136,16384,0,0,9.999696e-07,1.999759e-06,23.061522446766848,0.268337873600019,Platte_20220516_Maize_005_0014.png
16268,0,116,16384,0,0,9.999696e-07,1.9997174e-06,22.97158919888392,0.30535971909514226,Platte_20220516_Maize_005_0015.png
16244,0,140,16384,0,0,9.999696e-07,1.9997658e-06,23.05748913461712,0.28287295608958124,Platte_20220516_Maize_005_0016.png
16154,0,230,16142,0,242,nan,0.77537197,22.354532643266396,0.27381307171864316,Platte_20220516_Maize_005_0017.png
16136,0,248,16384,0,0,9.999696e-07,1.9998681e-06,21.4851164018864,0.22529592673331833,Platte_20220516_Maize_005_0018.png
16320,0,64,16384,0,0,9.999696e-07,1.9994884e-06,23.908911592976434,0.30477851996319844,Platte_20220516_Maize_005_0019.png
16204,16,164,16384,0,0,1.9979564e-06,1.9998004e-06,25.548075130423715,0.38422023736946437,Platte_20220516_Maize_005_0020.png
16173,0,211,16383,0,1,nan,0.0094345035,24.33356278585824,0.3318018171337211,Platte_20220516_Maize_005_0021.png
16042,0,342,16384,0,0,9.999696e-07,1.9999043e-06,27.486173444365164,0.49495419326293844,Platte_20220516_Maize_005_0022.png
15521,0,863,15181,0,1203,nan,0.79282594,23.803442527620867,0.3077425152018001,Platte_20220516_Maize_005_0023.png
16224,0,160,16384,0,0,9.999696e-07,1.9997951e-06,21.472639219889466,0.22890775518645093,Platte_20220516_Maize_005_0024.png
16101,0,283,16384,0,0,9.999696e-07,1.9998843e-06,22.30220360991206,0.2551313403664513,Platte_20220516_Maize_005_0025.png
16335,0,49,16384,0,0,9.999696e-07,1.9993315e-06,21.46671888788894,0.22615524085995667,Platte_20220516_Maize_005_0026.png
16248,0,136,16384,0,0,9.999696e-07,1.999759e-06,28.91058045369335,0.5457948389702605,Platte_20220516_Maize_005_0027.png
16314,0,70,16384,0,0,9.999696e-07,1.999532e-06,28.709768922942573,0.5579366936439057,Platte_20220516_Maize_005_0028.png
16222,0,162,16384,0,0,9.999696e-07,1.9997976e-06,22.00278876119423,0.252919784363619,Platte_20220516_Maize_005_0029.png
16249,0,135,16384,0,0,9.999696e-07,1.9997574e-06,27.420585183513854,0.4697792411541423,Platte_20220516_Maize_005_0030.png
16222,0,162,16384,0,0,9.999696e-07,1.9997979e-06,21.540156044100414,0.2214694306179581,Platte_20220516_Maize_005_0031.png
16279,0,105,16384,0,0,9.999696e-07,1.9996878e-06,21.667345993969725,0.21770880560192354,Platte_20220516_Maize_005_0032.png
16341,0,43,16384,0,0,9.999696e-07,1.999239e-06,24.455458656007664,0.34395143317342464,Platte_20220516_Maize_005_0033.png
15792,0,592,15747,0,637,nan,0.8103954,24.58007980479108,0.3208201447848849,Platte_20220516_Maize_005_0034.png
16244,0,140,16384,0,0,9.999696e-07,1.9997658e-06,22.720038264365115,0.2762781851784604,Platte_20220516_Maize_005_0035.png
15842,0,542,15761,0,623,nan,0.87036365,22.159942417807052,0.24377509967388367,Platte_20220516_Maize_005_0036.png
15700,0,684,15838,0,546,nan,0.73819387,28.92746111180685,0.5734959695415524,Platte_20220516_Maize_005_0037.png
15170,1214,0,15775,0,609,1.999973e-06,1.999946e-06,23.56867157385434,0.3155369719489533,Platte_20220516_Maize_005_0038.png
14758,1626,0,15087,1297,0,0.8155935,nan,22.321208088939546,0.2999077586697732,Platte_20220516_Maize_005_0039.png
15711,634,39,15778,0,606,1.9999482e-06,1.999949e-06,22.390202777902037,0.26850818570705404,Platte_20220516_Maize_005_0040.png
14539,1845,0,14578,1061,745,0.7040549,1.999956e-06,23.633498316780607,0.3302540431885845,Platte_20220516_Maize_005_0041.png
14348,2036,0,14528,1856,0,0.91160816,nan,24.08031474145252,0.36287528351953235,Platte_20220516_Maize_005_0042.png
14351,1954,79,14407,370,1607,0.27538544,1.9999807e-06,22.131938699520177,0.27958961171986424,Platte_20220516_Maize_005_0043.png
14145,1896,343,14383,2001,0,0.8093359,1.9999045e-06,23.13959890269786,0.3293152673503425,Platte_20220516_Maize_005_0044.png
13971,2413,0,14066,480,1838,0.33183378,1.9999823e-06,22.890511893778744,0.31321029596660915,Platte_20220516_Maize_005_0045.png
11262,5122,0,11028,2890,2466,0.64053863,1.9999868e-06,24.654994432044163,0.4321574457141524,Platte_20220516_Maize_005_0046.png
11037,5347,0,10696,2489,3199,0.57733506,1.99999e-06,22.72127357234202,0.33639453272241165,Platte_20220516_Maize_005_0047.png
13829,2555,0,13973,323,2088,0.21195236,1.9999843e-06,22.479302136587286,0.3258882350167353,Platte_20220516_Maize_005_0048.png
14422,1493,469,14670,1495,219,0.8159237,0.5348604,23.63325489348485,0.3556987804553289,Platte_20220516_Maize_005_0049.png
14991,1393,0,14962,1249,173,0.8311805,1.9998108e-06,25.8157114621525,0.44450782794333804,Platte_20220516_Maize_005_0050.png
14633,1751,0,14756,440,1188,0.38429585,1.9999723e-06,22.917727278552054,0.3044359464777831,Platte_20220516_Maize_005_0051.png
12493,3891,0,12348,2824,1212,0.74966323,1.9999732e-06,25.10850627774959,0.44639663774441374,Platte_20220516_Maize_005_0052.png
14593,1650,141,14603,1781,0,0.90585196,1.9997676e-06,23.077354876864757,0.32106458570284974,Platte_20220516_Maize_005_0053.png
13582,2294,508,13357,2495,532,0.8991398,0.8345913,22.73316997124015,0.31299148001558863,Platte_20220516_Maize_005_0054.png
13246,3138,0,13268,1305,1811,0.52666944,1.999982e-06,24.924774773132327,0.415920380505945,Platte_20220516_Maize_005_0055.png
12977,3407,0,12464,35,3885,0.019176716,1.999992e-06,22.87680502101631,0.31248529789075263,Platte_20220516_Maize_005_0056.png
14789,1595,0,14685,1699,0,0.89616823,nan,23.68930279801433,0.3021506020091939,Platte_20220516_Maize_005_0057.png
13870,2051,463,13713,1909,762,0.8403993,0.5224371,26.38964606899013,0.47683950950341875,Platte_20220516_Maize_005_0058.png
14213,2171,0,13964,374,2046,0.2616882,1.9999839e-06,20.987254592125254,0.26659419478065405,Platte_20220516_Maize_005_0059.png
14439,1707,238,14566,1081,737,0.62122875,1.9999666e-06,23.44573235075429,0.3417452168555772,Platte_20220516_Maize_005_0060.png
14110,2274,0,13821,2563,0,0.8778131,nan,27.06701469706236,0.5147445037585767,Platte_20220516_Maize_005_0061.png
14453,1779,152,14667,0,1717,1.9999818e-06,0.10486909,23.507509825109302,0.3537842826130422,Platte_20220516_Maize_005_0062.png
14498,1886,0,14625,1759,0,0.883945,nan,22.857509530019698,0.32173554073183236,Platte_20220516_Maize_005_0063.png
16237,0,147,16384,0,0,9.999696e-07,1.999777e-06,22.77391748236417,0.2714694895288438,Platte_20220516_Maize_049_0000.png
16354,0,30,16384,0,0,9.999696e-07,1.998909e-06,23.708365734549666,0.28343488133326894,Platte_20220516_Maize_049_0001.png
16236,0,148,16384,0,0,9.999696e-07,1.9997788e-06,24.2889102426367,0.33721154641524964,Platte_20220516_Maize_049_0002.png
16073,0,311,16384,0,0,9.999696e-07,1.9998947e-06,24.805719192803686,0.32891821127646276,Platte_20220516_Maize_049_0003.png
16308,0,76,16384,0,0,9.999696e-07,1.9995691e-06,25.682894095868242,0.4382818787268656,Platte_20220516_Maize_049_0004.png
16214,0,170,16384,0,0,9.999696e-07,1.9998072e-06,23.868592868074252,0.33021012566038915,Platte_20220516_Maize_049_0005.png
16041,0,343,16384,0,0,9.999696e-07,1.9999045e-06,22.171739416734503,0.22247089391789623,Platte_20220516_Maize_049_0006.png
16208,0,176,16384,0,0,9.999696e-07,1.9998135e-06,24.964437482196704,0.38457235739800266,Platte_20220516_Maize_049_0007.png
16183,0,201,16384,0,0,9.999696e-07,1.9998367e-06,24.292848575096862,0.33962695371098645,Platte_20220516_Maize_049_0008.png
16045,0,339,16132,0,252,nan,0.7343098,22.151193138323055,0.2523575510680844,Platte_20220516_Maize_049_0009.png
16344,0,40,16384,0,0,9.999696e-07,1.9991814e-06,27.37862599983952,0.4880612048147904,Platte_20220516_Maize_049_0010.png
16342,0,42,16384,0,0,9.999696e-07,1.99922e-06,26.80130077870509,0.4562013432263486,Platte_20220516_Maize_049_0011.png
16202,0,182,16384,0,0,9.999696e-07,1.99982e-06,22.01408190848455,0.22270800445088867,Platte_20220516_Maize_049_0012.png
16350,0,34,16384,0,0,9.999696e-07,1.9990375e-06,22.770578901732414,0.30016673429826884,Platte_20220516_Maize_049_0013.png
16360,0,24,16384,0,0,9.999696e-07,1.9986364e-06,22.625536364143528,0.28643966468706883,Platte_20220516_Maize_049_0014.png
16276,0,108,16384,0,0,9.999696e-07,1.9996965e-06,21.83981098488957,0.22610615459708852,Platte_20220516_Maize_049_0015.png
15982,0,402,16384,0,0,9.999696e-07,1.9999181e-06,22.413724765931093,0.2612002266707176,Platte_20220516_Maize_049_0016.png
16189,0,195,16384,0,0,9.999696e-07,1.999832e-06,23.06903145396031,0.24875474930998334,Platte_20220516_Maize_049_0017.png
16015,0,369,16223,0,161,nan,0.60373825,28.18446364992766,0.49947247396654665,Platte_20220516_Maize_049_0018.png
16106,0,278,16341,0,43,nan,0.24919774,28.619116632846744,0.5395102750427594,Platte_20220516_Maize_049_0019.png
16284,0,100,16384,0,0,9.999696e-07,1.9996723e-06,22.992965853690542,0.2607897289351876,Platte_20220516_Maize_049_0020.png
16304,0,80,16384,0,0,9.999696e-07,1.9995905e-06,28.164233864138083,0.5415075474001217,Platte_20220516_Maize_049_0021.png
16309,0,75,16384,0,0,9.999696e-07,1.9995634e-06,25.89204833701116,0.44193283679218104,Platte_20220516_Maize_049_0022.png
15933,0,451,16383,0,1,nan,0.0044264584,26.11053132951752,0.44206133029304495,Platte_20220516_Maize_049_0023.png
16050,0,334,16384,0,0,9.999696e-07,1.9999018e-06,22.478893326643615,0.2506578397393924,Platte_20220516_Maize_049_0024.png
16140,0,244,16384,0,0,9.999696e-07,1.9998656e-06,23.220061518585702,0.27572156834414746,Platte_20220516_Maize_049_0025.png
16213,0,171,16384,0,0,9.999696e-07,1.9998083e-06,22.831475371943412,0.25445553940050375,Platte_20220516_Maize_049_0026.png
16316,0,68,16384,0,0,9.999696e-07,1.9995184e-06,24.366199176082958,0.33348105607885414,Platte_20220516_Maize_049_0027.png
16293,0,91,16384,0,0,9.999696e-07,1.99964e-06,27.35718444706658,0.4800263300000771,Platte_20220516_Maize_049_0028.png
16183,0,201,16227,0,157,nan,0.74853665,22.99334482499436,0.26492869121400325,Platte_20220516_Maize_049_0029.png
16151,0,233,16245,0,139,nan,0.6988651,27.60553759001043,0.49412010523406996,Platte_20220516_Maize_049_0030.png
16193,0,191,16384,0,0,9.999696e-07,1.9998283e-06,26.084277990975366,0.4806850433031475,Platte_20220516_Maize_049_0031.png
16183,0,201,16384,0,0,9.999696e-07,1.9998367e-06,21.64504831077044,0.22943617515587766,Platte_20220516_Maize_049_0032.png
15965,0,419,16225,0,159,nan,0.5328439,28.034675988194092,0.5021597294850314,Platte_20220516_Maize_049_0033.png
13739,1101,1544,13892,0,2492,1.9999704e-06,0.5698686,22.94884061626159,0.3113315251884296,Platte_20220516_Maize_049_0034.png
14987,1397,0,15104,286,994,0.3172864,1.999967e-06,24.419635851688408,0.36517858806293374,Platte_20220516_Maize_049_0035.png
14879,1058,447,15200,44,1140,0.068965465,0.13484484,24.600081509759736,0.3722821403957141,Platte_20220516_Maize_049_0036.png
14824,1429,131,14996,0,1388,1.9999773e-06,1.9999784e-06,25.299882951288815,0.41284474436650215,Platte_20220516_Maize_049_0037.png
15386,968,30,15585,799,0,0.79455453,1.9989088e-06,23.16106142412206,0.3167659538903013,Platte_20220516_Maize_049_0038.png
15465,919,0,15361,0,1023,1.9999645e-06,1.9999684e-06,23.646054355766214,0.32779587798738924,Platte_20220516_Maize_049_0039.png
16069,315,0,16384,0,0,1.9998959e-06,9.999696e-07,23.006812715981223,0.2689996733852964,Platte_20220516_Maize_049_0040.png
15297,1087,0,15198,1186,0,0.89484173,nan,25.15677120979521,0.4038684640083207,Platte_20220516_Maize_049_0041.png
15137,1247,0,15037,1347,0,0.87277454,nan,23.9740337443301,0.38941589879681676,Platte_20220516_Maize_049_0042.png
15046,973,365,15313,486,585,0.64015234,0.3684104,22.610413488925584,0.2739773543839517,Platte_20220516_Maize_049_0043.png
15709,675,0,15693,0,691,1.9999518e-06,1.9999527e-06,23.722320768174722,0.3491186044012939,Platte_20220516_Maize_049_0044.png
14509,1722,153,14614,1530,240,0.7503021,1.9999168e-06,25.849877120102008,0.4435842055587107,Platte_20220516_Maize_049_0045.png
14928,1387,69,15045,1339,0,0.87379944,1.9995252e-06,25.680216657705323,0.408608671153623,Platte_20220516_Maize_049_0046.png
15039,1148,197,15124,651,609,0.5580798,0.027296176,24.3418236389264,0.35870053260168633,Platte_20220516_Maize_049_0047.png
15072,1053,259,15260,419,705,0.43341634,0.049792834,22.86013795797638,0.28395957146407375,Platte_20220516_Maize_049_0048.png
14907,1477,0,14745,0,1639,1.999978e-06,1.9999802e-06,22.000533522160673,0.2798195728690303,Platte_20220516_Maize_049_0049.png
15763,587,34,15974,0,410,1.9999443e-06,1.9999263e-06,22.18513738511266,0.2641720372256456,Platte_20220516_Maize_049_0050.png
14816,1407,161,15065,1318,1,0.82934994,0.012345183,25.765850148086106,0.4420699916030326,Platte_20220516_Maize_049_0051.png
15187,1090,107,15352,1032,0,0.8586128,1.9996935e-06,22.531417530771826,0.27178271236861584,Platte_20220516_Maize_049_0052.png
16176,208,0,16384,0,0,1.9998424e-06,9.999696e-07,21.36711432703529,0.23909907805986755,Platte_20220516_Maize_049_0053.png
15259,972,153,15393,743,248,0.65305096,1.9999184e-06,22.806101919519627,0.2973248264182086,Platte_20220516_Maize_049_0054.png
15085,1119,180,15137,1247,0,0.8360009,1.9998174e-06,23.46801122978284,0.34009144918070106,Platte_20220516_Maize_049_0055.png
15129,1255,0,15228,1156,0,0.8610441,nan,26.316347380679627,0.46424404849155226,Platte_20220516_Maize_049_0056.png
13983,2401,0,13727,226,2431,0.14312927,1.9999864e-06,22.094524509762884,0.2650896815907256,Platte_20220516_Maize_049_0057.png
16069,196,119,16384,0,0,1.9998326e-06,1.9997244e-06,24.595826427939564,0.3729403797547788,Platte_20220516_Maize_049_0058.png
16086,298,0,16384,0,0,1.99989e-06,9.999696e-07,22.49883995613982,0.3164330887575741,Platte_20220516_Maize_049_0059.png
15316,912,156,15422,962,0,0.86124647,1.9997894e-06,22.487860143273977,0.3033657438499806,Platte_20220516_Maize_049_0060.png
15421,963,0,15472,0,912,1.999966e-06,1.999964e-06,22.43281257692358,0.2583161485399679,Platte_20220516_Maize_049_0061.png
14785,1599,0,14596,1788,0,0.84026575,nan,26.440815435353763,0.45268535357481193,Platte_20220516_Maize_049_0062.png
16100,284,0,16384,0,0,1.9998847e-06,9.999696e-07,22.491011384028006,0.2431115944984553,Platte_20220516_Maize_049_0063.png
14945,1335,104,14980,1389,15,0.86122525,0.25203347,24.472714371745763,0.39423102208862226,Platte_20220516_Maize_049_0064.png
14946,1438,0,14778,0,1606,1.9999773e-06,1.99998e-06,22.37154911568622,0.2842137631875085,Platte_20220516_Maize_049_0065.png
15091,1293,0,15210,1168,6,0.8297352,1.9945683e-06,22.035616156470937,0.26806752931835715,Platte_20220516_Maize_049_0066.png
14808,1200,376,14761,1583,40,0.75673074,0.17787258,26.473105927539777,0.47460591467229235,Platte_20220516_Maize_049_0067.png
15858,408,118,15895,0,489,1.9999197e-06,1.9999459e-06,25.07529183363628,0.3976989883503963,Platte_20220516_Maize_049_0068.png
14978,1406,0,15024,0,1360,1.999977e-06,1.9999761e-06,22.559857712054352,0.29388982712809103,Platte_20220516_Maize_049_0069.png
15077,1307,0,15026,450,908,0.4644214,1.9999638e-06,23.061521621800534,0.31046640552943106,Platte_20220516_Maize_049_0070.png
14034,2350,0,14065,0,2319,1.9999864e-06,1.999986e-06,26.29905895752046,0.4702518074994347,Platte_20220516_Maize_049_0071.png
15295,1089,0,15325,88,971,0.14953057,1.9999666e-06,26.362470035732454,0.47829618611387875,Platte_20220516_Maize_049_0072.png
16289,0,95,16384,0,0,9.999696e-07,1.999655e-06,21.429033867461392,0.2239290161494016,Platte_20220518_Maize_005_0000.png
16326,0,58,16384,0,0,9.999696e-07,1.9994352e-06,19.659794904165466,0.19674263568346106,Platte_20220518_Maize_005_0001.png
16259,0,125,16384,0,0,9.999696e-07,1.9997376e-06,24.78014348111997,0.47324753089669197,Platte_20220518_Maize_005_0002.png
16083,0,301,16304,0,80,nan,0.41991338,20.40008920143437,0.20268390672396727,Platte_20220518_Maize_005_0003.png
16202,0,182,16384,0,0,9.999696e-07,1.9998197e-06,18.958521278861717,0.20825917704905098,Platte_20220518_Maize_005_0004.png
16321,0,63,16384,0,0,9.999696e-07,1.99948e-06,21.533684750075675,0.3119420041827882,Platte_20220518_Maize_005_0005.png
16114,0,270,16263,0,121,nan,0.50635344,21.741592203849194,0.3069357956901213,Platte_20220518_Maize_005_0006.png
16195,0,189,16384,0,0,9.999696e-07,1.9998265e-06,19.534507296217175,0.19789257608171087,Platte_20220518_Maize_005_0007.png
11811,0,4573,11729,0,4655,nan,0.9200247,20.17323156520964,0.338153961827843,Platte_20220518_Maize_005_0008.png
16281,0,103,16384,0,0,9.999696e-07,1.9996821e-06,25.995667110257838,0.5182748009371217,Platte_20220518_Maize_005_0009.png
16243,0,141,16384,0,0,9.999696e-07,1.9997676e-06,18.65438629971924,0.15575896217912574,Platte_20220518_Maize_005_0010.png
13135,0,3249,12829,0,3555,nan,0.9053474,18.82699706171341,0.22832256838331277,Platte_20220518_Maize_005_0011.png
16001,0,383,16229,0,155,nan,0.5538716,23.448432808720266,0.3651670312509216,Platte_20220518_Maize_005_0012.png
16093,0,291,16028,0,356,nan,0.8160348,20.552391893628418,0.21449450724048494,Platte_20220518_Maize_005_0013.png
16271,0,113,16384,0,0,9.999696e-07,1.9997099e-06,28.110456682450746,0.5714195914027632,Platte_20220518_Maize_005_0014.png
16307,0,77,16384,0,0,9.999696e-07,1.9995746e-06,23.38030897215772,0.3444256626043498,Platte_20220518_Maize_005_0015.png
16314,0,70,16384,0,0,9.999696e-07,1.999532e-06,18.656221169935645,0.16011160068019964,Platte_20220518_Maize_005_0016.png
16371,0,13,16384,0,0,9.999696e-07,1.9974857e-06,20.58617066811741,0.19669697485942628,Platte_20220518_Maize_005_0017.png
16255,0,129,16384,0,0,9.999696e-07,1.999746e-06,23.409836421822526,0.33861165058258,Platte_20220518_Maize_005_0018.png
16271,0,113,16384,0,0,9.999696e-07,1.9997099e-06,17.671082810237635,0.16972727838862864,Platte_20220518_Maize_005_0019.png
16230,0,154,16202,0,182,nan,0.7737361,19.55540789249893,0.18675878483217492,Platte_20220518_Maize_005_0020.png
14822,0,1562,16305,0,79,nan,0.09384536,18.233946223178037,0.16716642220364542,Platte_20220518_Maize_005_0021.png
16161,19,204,16384,0,0,1.9982788e-06,1.9998395e-06,22.451193222798874,0.3325623311822377,Platte_20220518_Maize_005_0022.png
16337,0,47,16384,0,0,9.999696e-07,1.9993033e-06,20.468514087784246,0.2975395875452986,Platte_20220518_Maize_005_0023.png
16344,0,40,16384,0,0,9.999696e-07,1.9991814e-06,18.963614957873453,0.16920021725892198,Platte_20220518_Maize_005_0024.png
16123,0,261,16152,0,232,nan,0.8153636,18.561891349939255,0.1610185478737908,Platte_20220518_Maize_005_0025.png
16286,0,98,16384,0,0,9.999696e-07,1.9996655e-06,19.940817991355487,0.22482862795086211,Platte_20220518_Maize_005_0026.png
16179,0,205,16384,0,0,9.999696e-07,1.9998397e-06,18.203117463975065,0.1793516934888085,Platte_20220518_Maize_005_0027.png
16178,0,206,16384,0,0,9.999696e-07,1.9998408e-06,20.682341192065472,0.22606004678028827,Platte_20220518_Maize_005_0028.png
13196,3009,179,13544,2840,0,0.85826373,1.999817e-06,18.340994188056374,0.25399771163056406,Platte_20220518_Maize_005_0029.png
13263,3121,0,13308,3076,0,0.8594457,nan,23.20375887800364,0.5366676835370777,Platte_20220518_Maize_005_0030.png
14345,2039,0,14373,2011,0,0.8627113,nan,19.124701450303974,0.29555154066268613,Platte_20220518_Maize_005_0031.png
12638,3189,557,12769,3615,0,0.8418559,1.9999413e-06,21.137761229592616,0.45076520520533286,Platte_20220518_Maize_005_0032.png
13826,2478,80,13996,1574,814,0.6717638,0.093958296,17.716933547203656,0.20946123091419355,Platte_20220518_Maize_005_0033.png
14272,2112,0,13952,315,2117,0.17964524,1.9999845e-06,20.244947948161368,0.26762605719420174,Platte_20220518_Maize_005_0034.png
13262,3122,0,13446,2938,0,0.8838258,nan,18.587914368012115,0.28305607651352427,Platte_20220518_Maize_005_0035.png
15051,1333,0,15550,0,834,1.9999757e-06,1.999961e-06,25.555330727755887,0.6520356146493546,Platte_20220518_Maize_005_0036.png
13733,2651,0,13786,2598,0,0.8736868,nan,21.84264406621418,0.45177267172827823,Platte_20220518_Maize_005_0037.png
13726,2658,0,13518,0,2866,1.999988e-06,1.9999889e-06,19.885692236927103,0.23509934970014115,Platte_20220518_Maize_005_0038.png
14346,2038,0,14098,2286,0,0.83764607,nan,25.418449690589746,0.6849178178576515,Platte_20220518_Maize_005_0039.png
13729,2607,48,13870,1607,907,0.70146793,0.03141453,18.289333615756405,0.2524446242119695,Platte_20220518_Maize_005_0040.png
14788,1596,0,14863,1521,0,0.7783065,nan,20.963474580807663,0.38551405191393306,Platte_20220518_Maize_005_0041.png
13862,2202,320,13306,2764,314,0.83769304,0.8737741,23.25243861079933,0.5842399727312331,Platte_20220518_Maize_005_0042.png
14021,2125,238,13877,0,2507,1.9999848e-06,0.15373422,19.278218915224954,0.25115526907972247,Platte_20220518_Maize_005_0043.png
14118,2266,0,14008,1066,1310,0.5462153,1.999975e-06,17.94628027915035,0.24139093336306794,Platte_20220518_Maize_005_0044.png
13964,2185,235,13753,2631,0,0.86461425,1.9998602e-06,18.25913866536061,0.2794945873103037,Platte_20220518_Maize_005_0045.png
13717,2667,0,13280,3104,0,0.8715966,nan,20.175297235563498,0.4052409018173336,Platte_20220518_Maize_005_0046.png
14194,1810,380,14236,1373,775,0.77976173,0.35670188,19.313110378005298,0.25150062597281964,Platte_20220518_Maize_005_0047.png
14204,1931,249,14103,2181,100,0.7675057,0.37819004,23.379994702496916,0.4862786141095515,Platte_20220518_Maize_005_0048.png
14175,2174,35,14345,1468,571,0.6946691,1.9999459e-06,17.797342605129465,0.24828656842688016,Platte_20220518_Maize_005_0049.png
14020,2364,0,14926,181,1277,0.12102209,1.9999743e-06,19.93297845461023,0.24982113888012716,Platte_20220518_Maize_005_0050.png
15599,785,0,16376,0,8,1.9999582e-06,1.9959207e-06,18.84864553368474,0.1783411184273546,Platte_20220518_Maize_005_0051.png
14457,1927,0,14952,1432,0,0.7883243,nan,18.897744120956915,0.23250144481105628,Platte_20220518_Maize_005_0052.png
14918,1466,0,14737,1647,0,0.7767367,nan,19.486117707109862,0.23171889377698338,Platte_20220518_Maize_005_0053.png
16115,269,0,16384,0,0,1.9998781e-06,9.999696e-07,23.418478772115996,0.34305770433322197,Platte_20220518_Maize_005_0054.png
14783,1408,193,14375,0,2009,1.9999768e-06,0.08356116,20.089966930078326,0.2224795856725704,Platte_20220518_Maize_005_0055.png
14540,1844,0,14531,1853,0,0.8888232,nan,17.758712279756633,0.21441684311964007,Platte_20220518_Maize_005_0056.png
14561,1823,0,14674,1625,85,0.7969784,1.9996144e-06,17.440711996098525,0.18961710883517457,Platte_20220518_Maize_005_0057.png
15529,855,0,15570,0,814,1.9999618e-06,1.9999602e-06,22.50220781025927,0.3247733214117035,Platte_20220518_Maize_005_0058.png
14569,1815,0,14686,341,1357,0.27921858,1.999976e-06,19.896248782074075,0.31078294325554556,Platte_20220518_Maize_005_0059.png
13798,2586,0,13863,0,2521,1.9999877e-06,1.9999875e-06,19.40431937438149,0.22823180648672747,Platte_20220518_Maize_005_0060.png
14034,2107,243,14332,65,1987,0.0570914,0.030494833,18.763734305993538,0.263276155479753,Platte_20220518_Maize_005_0061.png
14062,2322,0,14094,2290,0,0.91543347,nan,21.39887087765849,0.376135502513347,Platte_20220518_Maize_005_0062.png
15541,843,0,15460,0,924,1.999961e-06,1.999965e-06,18.293059924733885,0.1707091903488954,Platte_20220518_Maize_005_0063.png
13839,2020,525,13826,2558,0,0.7885504,1.9999377e-06,19.50042274497088,0.2948036679470066,Platte_20220518_Maize_005_0064.png
14383,2001,0,14246,2138,0,0.8504424,nan,19.285635215827014,0.2542625027359317,Platte_20220518_Maize_005_0065.png
10305,6079,0,9740,111,6533,0.027142404,1.9999952e-06,20.987745504014864,0.38852951559817467,Platte_20220518_Maize_005_0066.png
13629,2755,0,13438,2946,0,0.9131701,nan,20.019145007957064,0.3407136763767202,Platte_20220518_Maize_005_0067.png
15255,1129,0,15289,0,1095,1.999971e-06,1.9999698e-06,17.74850043884915,0.22295268529588932,Platte_20220518_Maize_005_0068.png
14421,1874,89,14882,0,1502,1.9999825e-06,0.05405495,21.084016098108616,0.3013845110696798,Platte_20220518_Maize_005_0069.png
16311,0,73,16384,0,0,9.999696e-07,1.9995512e-06,30.383166584138685,0.6511523049055332,Platte_20220518_Maize_021_0000.png
16331,0,53,16384,0,0,9.999696e-07,1.999382e-06,19.591282637426048,0.16796500715812515,Platte_20220518_Maize_021_0001.png
16071,0,313,16384,0,0,9.999696e-07,1.9998952e-06,18.92913049243329,0.1557441324383009,Platte_20220518_Maize_021_0002.png
15872,0,512,15731,0,653,nan,0.8068464,21.09917286202547,0.2167685743843312,Platte_20220518_Maize_021_0003.png
16119,0,265,16118,0,266,nan,0.7720824,21.430231390207023,0.2558253077837593,Platte_20220518_Maize_021_0004.png
16173,0,211,16384,0,0,9.999696e-07,1.9998447e-06,30.970219672413172,0.7018053870892095,Platte_20220518_Maize_021_0005.png
16260,0,124,16384,0,0,9.999696e-07,1.9997356e-06,18.812452932734203,0.16562557212038495,Platte_20220518_Maize_021_0006.png
15627,0,757,16384,0,0,9.999696e-07,1.9999566e-06,26.31232064427266,0.49396845048058174,Platte_20220518_Maize_021_0007.png
16281,0,103,16384,0,0,9.999696e-07,1.999682e-06,22.172216884460283,0.3144949763188738,Platte_20220518_Maize_021_0008.png
15889,0,495,16081,31,272,1.998944e-06,0.6518647,18.060095219469773,0.19307054193038856,Platte_20220518_Maize_021_0009.png
15755,0,629,16259,0,125,nan,0.20688955,18.508082485328995,0.169236436195076,Platte_20220518_Maize_021_0010.png
16224,0,160,16384,0,0,9.999696e-07,1.9997951e-06,28.494682274855275,0.5682523644065826,Platte_20220518_Maize_021_0011.png
16294,0,90,16384,0,0,9.999696e-07,1.9996362e-06,19.865519675794378,0.17503498162773393,Platte_20220518_Maize_021_0012.png
15979,0,405,16227,0,157,nan,0.51242775,18.34575226143261,0.15875744811804873,Platte_20220518_Maize_021_0013.png
16342,0,42,16384,0,0,9.999696e-07,1.99922e-06,27.02093429289451,0.49091039164836353,Platte_20220518_Maize_021_0014.png
16275,0,109,16384,0,0,9.999696e-07,1.9996994e-06,22.61271893846166,0.30500203785332686,Platte_20220518_Maize_021_0015.png
16296,0,88,16384,0,0,9.999696e-07,1.9996278e-06,27.199505670896688,0.4997468676258952,Platte_20220518_Maize_021_0016.png
15903,0,481,15976,0,408,nan,0.71088696,19.648084088450357,0.17690962368225047,Platte_20220518_Maize_021_0017.png
16205,0,179,16384,0,0,9.999696e-07,1.999817e-06,17.888331149018406,0.18352744862250972,Platte_20220518_Maize_021_0018.png
16207,0,177,16384,0,0,9.999696e-07,1.999815e-06,17.785891451086005,0.15046633595597866,Platte_20220518_Maize_021_0019.png
16115,0,269,16163,0,221,nan,0.77546036,22.321218755930587,0.3203298256871255,Platte_20220518_Maize_021_0020.png
15914,0,470,15932,0,452,nan,0.7158117,20.53791958114462,0.2638149477247504,Platte_20220518_Maize_021_0021.png
16211,0,173,16384,0,0,9.999696e-07,1.9998106e-06,17.879505626451987,0.13723442653358278,Platte_20220518_Maize_021_0022.png
16323,0,61,16384,0,0,9.999696e-07,1.999463e-06,21.838196260030188,0.2793155033143028,Platte_20220518_Maize_021_0023.png
16192,0,192,16384,0,0,9.999696e-07,1.999829e-06,19.036774063065284,0.14435779982135263,Platte_20220518_Maize_021_0024.png
16208,0,176,16204,0,180,nan,0.7302718,21.116430871986154,0.25485735692286776,Platte_20220518_Maize_021_0025.png
16174,0,210,16223,0,161,nan,0.79238474,23.341116289709998,0.3183548747215333,Platte_20220518_Maize_021_0026.png
16230,0,154,16384,0,0,9.999696e-07,1.9997872e-06,18.987917068113045,0.17140617619924506,Platte_20220518_Maize_021_0027.png
16322,0,62,16384,0,0,9.999696e-07,1.9994718e-06,20.523360596328892,0.2229288162804676,Platte_20220518_Maize_021_0028.png
15598,0,786,15537,293,554,1.9998886e-06,0.6059574,20.47640155684297,0.2542450835969134,Platte_20220518_Maize_021_0029.png
16313,0,71,16384,0,0,9.999696e-07,1.9995384e-06,25.017977652106886,0.4158684837352708,Platte_20220518_Maize_021_0030.png
15965,0,419,16381,0,3,nan,0.014218906,19.186328075107,0.1629828655492562,Platte_20220518_Maize_021_0031.png
16064,0,320,16384,0,0,9.999696e-07,1.9998974e-06,18.631177487740814,0.20266256521064363,Platte_20220518_Maize_021_0032.png
16291,0,93,16384,0,0,9.999696e-07,1.9996478e-06,18.911920963687113,0.193325923391488,Platte_20220518_Maize_021_0033.png
16052,0,332,16128,0,256,nan,0.80948067,19.193182264224546,0.1864229845592754,Platte_20220518_Maize_021_0034.png
16134,0,250,16384,0,0,9.999696e-07,1.9998688e-06,18.9466548736632,0.18666532728173768,Platte_20220518_Maize_021_0035.png
14236,1806,342,14542,524,1318,0.39656302,0.29638177,18.452215596038208,0.22832941417370076,Platte_20220518_Maize_021_0036.png
13750,2634,0,13732,2652,0,0.8569774,nan,24.25424204047255,0.608369482370974,Platte_20220518_Maize_021_0037.png
14227,1419,738,14034,2350,0,0.66967005,1.9999559e-06,20.5045475379075,0.36961862755376823,Platte_20220518_Maize_021_0038.png
15164,1220,0,15236,1148,0,0.85809857,nan,19.720733937304697,0.2812810026017953,Platte_20220518_Maize_021_0039.png
12273,4111,0,12020,0,4364,1.9999925e-06,1.999993e-06,20.294596029355226,0.26931261453436056,Platte_20220518_Maize_021_0040.png
14656,1728,0,14469,842,1073,0.5587498,1.99997e-06,18.80753783746712,0.2548590592220376,Platte_20220518_Maize_021_0041.png
13798,2586,0,14046,2338,0,0.8436197,nan,26.057727376039086,0.6749978468743164,Platte_20220518_Maize_021_0042.png
14933,1451,0,14780,221,1383,0.22248574,1.9999766e-06,21.80957142947125,0.4012117583980819,Platte_20220518_Maize_021_0043.png
14360,2024,0,14416,849,1119,0.5269714,1.999971e-06,18.446919270538036,0.24093486422629115,Platte_20220518_Maize_021_0044.png
14700,1525,159,14855,1529,0,0.8919376,1.9997938e-06,19.317676267376825,0.2629182782488906,Platte_20220518_Maize_021_0045.png
14666,1718,0,15294,0,1090,1.999981e-06,1.9999698e-06,19.899017122714568,0.24576637279805355,Platte_20220518_Maize_021_0046.png
14834,1550,0,14708,408,1268,0.32277498,1.999974e-06,21.476890076083627,0.39372383955191487,Platte_20220518_Maize_021_0047.png
14026,2358,0,14238,2146,0,0.8201559,nan,25.340340699165544,0.6601950624450038,Platte_20220518_Maize_021_0048.png
14439,1436,509,14416,1314,654,0.80362916,0.7669625,17.861743513858013,0.21861817222688154,Platte_20220518_Maize_021_0049.png
14638,1536,210,15274,1108,2,0.78894866,1.9998454e-06,19.504817517319292,0.25380848785799426,Platte_20220518_Maize_021_0050.png
15228,1156,0,15228,1156,0,0.8416858,nan,20.551897657860202,0.3585440314571125,Platte_20220518_Maize_021_0051.png
15635,532,217,16263,8,113,1.9999393e-06,1.9999009e-06,18.602335375699177,0.22849098317296848,Platte_20220518_Maize_021_0052.png
14541,1843,0,14487,30,1867,0.026696678,1.9999825e-06,23.54873725750953,0.515289689442297,Platte_20220518_Maize_021_0053.png
15128,1216,40,14970,35,1379,0.05435709,1.9999768e-06,19.692220647387042,0.25053774030946135,Platte_20220518_Maize_021_0054.png
14012,2189,183,14314,0,2070,1.9999852e-06,0.00088969263,17.39435819487634,0.20956811238765968,Platte_20220518_Maize_021_0055.png
14983,1115,286,14526,1858,0,0.6740614,1.9998854e-06,20.80774672888254,0.3232956202736948,Platte_20220518_Maize_021_0056.png
15144,1240,0,15163,1221,0,0.89799905,nan,18.748475154583343,0.2551900488985018,Platte_20220518_Maize_021_0057.png
14469,1915,0,14471,1913,0,0.83280593,nan,22.916684820414595,0.4456114712587948,Platte_20220518_Maize_021_0058.png
14693,1691,0,14626,1758,0,0.84719634,nan,19.432446129199633,0.26941966675497664,Platte_20220518_Maize_021_0059.png
14257,1988,139,14191,0,2193,1.9999832e-06,1.999986e-06,19.740617081757808,0.29277329631795174,Platte_20220518_Maize_021_0060.png
14907,1477,0,14944,1440,0,0.7884748,nan,17.56980711235242,0.20772909842915985,Platte_20220518_Maize_021_0061.png
14412,1651,321,14117,2245,22,0.7910633,1.9999045e-06,21.460306380447882,0.38494918240883996,Platte_20220518_Maize_021_0062.png
14924,1460,0,14536,1848,0,0.84098536,nan,18.500980338425336,0.21652667894079924,Platte_20220518_Maize_021_0063.png
14711,1338,335,14836,692,856,0.6394007,0.33080742,18.28652357988933,0.2371245603462194,Platte_20220518_Maize_021_0064.png
15018,1366,0,15057,0,1327,1.9999761e-06,1.9999754e-06,19.270302233996137,0.23148238118934694,Platte_20220518_Maize_021_0065.png
13996,1882,506,14049,2335,0,0.83044386,1.9999354e-06,17.43720382444719,0.222960947685679,Platte_20220518_Maize_021_0066.png
14216,1998,170,14233,2151,0,0.8223626,1.999807e-06,21.021140101339885,0.3953730554844818,Platte_20220518_Maize_021_0067.png
15088,1296,0,14940,1444,0,0.84962726,nan,17.887354114048616,0.2144432064185553,Platte_20220518_Maize_021_0068.png
14746,1638,0,14623,1761,0,0.8720148,nan,18.527945055572342,0.27117718445364525,Platte_20220518_Maize_021_0069.png
13586,2798,0,13409,16,2959,0.011373585,1.9999893e-06,19.664172038264105,0.24762636193833965,Platte_20220518_Maize_021_0070.png
14680,1704,0,14766,1072,546,0.67290485,1.99994e-06,19.606597023113675,0.27619249765830894,Platte_20220518_Maize_021_0071.png
12940,3444,0,13020,3364,0,0.87984496,nan,20.565630175432837,0.35522152541626245,Platte_20220518_Maize_021_0072.png
14909,1475,0,14954,1430,0,0.8536931,nan,17.758747640569645,0.2067347815004498,Platte_20220518_Maize_021_0073.png
14465,1919,0,14587,745,1052,0.5045004,1.999969e-06,19.85298436417754,0.268879415002628,Platte_20220518_Maize_021_0074.png
14640,1744,0,14672,1712,0,0.8935122,nan,17.98236617414794,0.23050567323371593,Platte_20220518_Maize_021_0075.png
14673,1711,0,14402,1982,0,0.8518766,nan,19.45765133448748,0.2769485187633602,Platte_20220518_Maize_021_0076.png
13615,2097,672,13443,2941,0,0.69471776,1.9999513e-06,20.33472113239597,0.3281266499974179,Platte_20220518_Maize_021_0077.png
14785,1287,312,14576,1578,230,0.8230295,0.7379648,17.848962995404595,0.19853875435101384,Platte_20220518_Maize_021_0078.png
14407,1440,537,14100,0,2284,1.9999773e-06,0.34242988,20.156943921233896,0.2785845937508322,Platte_20220518_Maize_021_0079.png
14511,1449,424,14731,1653,0,0.8355833,1.999923e-06,19.07105256158738,0.2704468477069252,Platte_20220518_Maize_021_0080.png
15256,1128,0,14977,0,1407,1.999971e-06,1.999977e-06,20.36724380863867,0.3191940900949848,Platte_20220518_Maize_021_0081.png
14228,1932,224,14116,2028,240,0.8050461,0.120683126,19.57344309202263,0.29091125862296047,Platte_20220518_Maize_021_0082.png
15473,0,911,15586,798,0,1.999959e-06,1.999964e-06,21.221130286017164,0.2745464048276039,Platte_20220520_Maize_005_0000.png
15196,0,1188,15182,0,1202,nan,0.7631717,29.691831160498058,0.7246288008097929,Platte_20220520_Maize_005_0001.png
15903,0,481,15869,0,515,nan,0.7349176,19.336975253996915,0.1884439832583519,Platte_20220520_Maize_005_0002.png
16202,0,182,16384,0,0,9.999696e-07,1.9998204e-06,20.721689008474176,0.21795693292222318,Platte_20220520_Maize_005_0003.png
16132,0,252,16344,0,40,nan,0.27394387,19.94859757989948,0.1906314966872066,Platte_20220520_Maize_005_0004.png
16021,0,363,16384,0,0,9.999696e-07,1.9999097e-06,29.57966507574387,0.6268973478643266,Platte_20220520_Maize_005_0005.png
15813,0,571,16384,0,0,9.999696e-07,1.9999427e-06,27.38238008763758,0.5309579700815529,Platte_20220520_Maize_005_0006.png
13693,0,2691,13412,0,2972,nan,0.92636096,25.130136894910308,0.499315739065739,Platte_20220520_Maize_005_0007.png
15579,0,805,15453,0,931,nan,0.8421522,20.95493348435798,0.21511830296304427,Platte_20220520_Maize_005_0008.png
15918,0,466,15996,0,388,nan,0.75407153,19.669402852048353,0.19559085033597076,Platte_20220520_Maize_005_0009.png
15589,0,795,15810,0,574,nan,0.6530177,19.049911782093655,0.19205177951538818,Platte_20220520_Maize_005_0010.png
14914,0,1470,14824,1560,0,1.9999786e-06,1.9999777e-06,24.503629740976123,0.43306047986210716,Platte_20220520_Maize_005_0011.png
15962,0,422,16278,0,106,nan,0.3560405,26.138122481094758,0.4476445680783377,Platte_20220520_Maize_005_0012.png
16030,0,354,16384,0,0,9.999696e-07,1.9999072e-06,22.357868495277955,0.3173010621291774,Platte_20220520_Maize_005_0013.png
16140,0,244,16235,0,149,nan,0.67679024,21.080895853921618,0.23566665242262053,Platte_20220520_Maize_005_0014.png
16190,0,194,16384,0,0,9.999696e-07,1.999831e-06,20.066197908178847,0.1980567271123125,Platte_20220520_Maize_005_0015.png
16195,0,189,16384,0,0,9.999696e-07,1.9998265e-06,19.76645348839429,0.1947928288128832,Platte_20220520_Maize_005_0016.png
16282,0,102,16384,0,0,9.999696e-07,1.999679e-06,25.11665518230584,0.38445450196749925,Platte_20220520_Maize_005_0017.png
16295,0,89,16384,0,0,9.999696e-07,1.9996319e-06,21.69213204705073,0.2591602544678501,Platte_20220520_Maize_005_0018.png
16132,0,252,16384,0,0,9.999696e-07,1.9998702e-06,18.89784743715351,0.15753155093440607,Platte_20220520_Maize_005_0019.png
15481,0,903,15465,0,919,nan,0.7991096,22.347302155352633,0.2969432373378096,Platte_20220520_Maize_005_0020.png
16220,0,164,16384,0,0,9.999696e-07,1.9998001e-06,19.08911523221724,0.17320972884481645,Platte_20220520_Maize_005_0021.png
15999,0,385,16236,0,148,nan,0.50278527,18.71468794608068,0.14813475416848215,Platte_20220520_Maize_005_0022.png
16239,0,145,16384,0,0,9.999696e-07,1.999774e-06,19.703531623247432,0.1731380955816273,Platte_20220520_Maize_005_0023.png
15721,0,663,16049,0,335,nan,0.6031886,22.826697507284756,0.29122967164562985,Platte_20220520_Maize_005_0024.png
14921,0,1463,14898,0,1486,nan,0.8145065,18.882084746575668,0.2262514945799243,Platte_20220520_Maize_005_0025.png
15963,0,421,15981,0,403,nan,0.87375367,21.819091816335487,0.2601343770016904,Platte_20220520_Maize_005_0026.png
13590,147,2647,13185,2186,1013,0.07029677,0.42622775,18.553159097870115,0.20837872601826546,Platte_20220520_Maize_005_0027.png
15652,0,732,15709,0,675,nan,0.81590366,19.8472932701266,0.21017221816738407,Platte_20220520_Maize_005_0028.png
15903,0,481,16364,0,20,nan,0.07983709,19.054693450598453,0.18603262342730031,Platte_20220520_Maize_005_0029.png
15725,0,659,15866,409,109,1.9999197e-06,0.20832643,18.394558841302096,0.1814042542665956,Platte_20220520_Maize_005_0030.png
15403,0,981,15268,0,1116,nan,0.87266374,20.605201637714217,0.23601574719435334,Platte_20220520_Maize_005_0031.png
16004,0,380,15911,0,473,nan,0.808881,22.06328927056848,0.27219533530046475,Platte_20220520_Maize_005_0032.png
15829,4,551,16109,275,0,1.9998827e-06,1.9999407e-06,19.831577024745414,0.2042376049939734,Platte_20220520_Maize_005_0033.png
15505,0,879,15427,0,957,nan,0.86055326,20.400657356507992,0.21721653262256724,Platte_20220520_Maize_005_0034.png
15916,0,468,15811,0,573,nan,0.8011295,19.51799136865975,0.18293062786100825,Platte_20220520_Maize_005_0035.png
15663,0,721,15769,193,422,1.99983e-06,0.6089084,19.263490602829417,0.19864888221528187,Platte_20220520_Maize_005_0036.png
15761,0,623,15929,0,455,nan,0.69942427,20.828694174130412,0.24110575828791,Platte_20220520_Maize_005_0037.png
14126,0,2258,13643,0,2741,nan,0.8853734,19.255168909450234,0.20978058279471,Platte_20220520_Maize_005_0038.png
15372,0,1012,15989,0,395,nan,0.51598155,21.297802028500293,0.22636492630959462,Platte_20220520_Maize_005_0039.png
12902,2210,1272,13108,2434,842,0.7308324,0.399239,20.382811143434672,0.3319524582098809,Platte_20220520_Maize_005_0040.png
14676,1570,138,14812,288,1284,0.29063195,1.999977e-06,19.905510711213942,0.23778048482078037,Platte_20220520_Maize_005_0041.png
13114,3270,0,13185,3199,0,0.8795771,nan,19.45572640467616,0.3005666676662444,Platte_20220520_Maize_005_0042.png
14177,2115,92,14136,2248,0,0.910378,1.999644e-06,26.304035830818986,0.62783267007021,Platte_20220520_Maize_005_0043.png
13139,3096,149,13068,3316,0,0.9092301,1.9997797e-06,22.85249853671217,0.45972523011391503,Platte_20220520_Maize_005_0044.png
13072,2748,564,13229,3006,149,0.83941346,0.35342205,20.94841881210651,0.35041482505202765,Platte_20220520_Maize_005_0045.png
15648,709,27,16222,156,6,0.3260012,1.999008e-06,26.21366218759221,0.5640482202257177,Platte_20220520_Maize_005_0046.png
12979,3405,0,13075,3309,0,0.8599919,nan,19.782950609328715,0.26747831778237857,Platte_20220520_Maize_005_0047.png
12999,2753,632,12649,57,3678,0.039859194,0.26171696,24.55738572257473,0.5380157361328539,Platte_20220520_Maize_005_0048.png
14087,2297,0,14715,0,1669,1.9999854e-06,1.9999807e-06,19.49833325310791,0.23512377400545362,Platte_20220520_Maize_005_0049.png
15476,831,77,16282,102,0,1.999965e-06,1.9995746e-06,23.20816079535487,0.3386771062164408,Platte_20220520_Maize_005_0050.png
11902,4274,208,11885,4499,0,0.8772358,1.9998422e-06,20.88553561962506,0.34191978869174117,Platte_20220520_Maize_005_0051.png
14398,1986,0,14410,1974,0,0.8792879,nan,25.375338095552685,0.5231001425214359,Platte_20220520_Maize_005_0052.png
14389,1995,0,14664,0,1720,1.9999834e-06,1.9999807e-06,22.802551721411362,0.44959492292338554,Platte_20220520_Maize_005_0053.png
12405,2788,1191,12774,3184,426,0.71098286,0.33642069,19.08092335442725,0.2708131297626231,Platte_20220520_Maize_005_0054.png
13089,2988,307,13516,1564,1304,0.6616846,1.9999798e-06,19.494310761458216,0.21752186599592568,Platte_20220520_Maize_005_0055.png
13119,3265,0,13083,3301,0,0.91349125,nan,20.054422063144468,0.2854433305073202,Platte_20220520_Maize_005_0056.png
13418,2966,0,13550,2834,0,0.8906867,nan,22.2634562044284,0.4096900629217069,Platte_20220520_Maize_005_0057.png
13783,2601,0,14166,2218,0,0.79186237,nan,23.377544948257885,0.4144171431097991,Platte_20220520_Maize_005_0058.png
13264,3120,0,13453,2931,0,0.85869855,nan,20.290983423875204,0.2774464050705759,Platte_20220520_Maize_005_0059.png
14045,2339,0,14166,896,1322,0.50200635,1.9999754e-06,20.318892190840245,0.23046856931006832,Platte_20220520_Maize_005_0060.png
14487,1897,0,15811,573,0,0.42914626,nan,20.65868833865981,0.26835990285147515,Platte_20220520_Maize_005_0061.png
14535,1849,0,15230,1154,0,0.719941,nan,19.145898584479436,0.24324691722132175,Platte_20220520_Maize_005_0062.png
14096,2288,0,13788,2596,0,0.9144105,nan,22.963069040664852,0.4066959721386579,Platte_20220520_Maize_005_0063.png
13914,2245,225,13924,2460,0,0.8616326,1.999854e-06,19.2899987479217,0.24489083994348584,Platte_20220520_Maize_005_0064.png
13185,2704,495,13122,2867,395,0.7122579,1.9999632e-06,21.07875933460718,0.35070544623020394,Platte_20220520_Maize_005_0065.png
15232,1091,61,15625,726,33,0.7715899,1.9996514e-06,18.809705624791718,0.1941096481661928,Platte_20220520_Maize_005_0066.png
14338,2046,0,14206,2178,0,0.8896732,nan,19.44012192891464,0.2108431364010973,Platte_20220520_Maize_005_0067.png
13200,2590,594,13096,3288,0,0.7784938,1.999945e-06,22.397235600157668,0.42940551726070564,Platte_20220520_Maize_005_0068.png
13561,2823,0,13464,2920,0,0.9259937,nan,20.97288701871708,0.3483729559316647,Platte_20220520_Maize_005_0069.png
12977,3407,0,13432,2951,1,0.8537252,1.9682702e-06,19.623052227147973,0.2681996484817928,Platte_20220520_Maize_005_0070.png
13333,2565,486,13325,94,2965,0.033848897,0.21848738,19.277128362107646,0.2470239636214485,Platte_20220520_Maize_005_0071.png
12990,2983,411,12495,3889,0,0.8116979,1.9999204e-06,22.38328600172029,0.3857951806290949,Platte_20220520_Maize_005_0072.png
13399,2497,488,13257,3127,0,0.8278778,1.9999331e-06,20.388239123799185,0.2732749137345793,Platte_20220520_Maize_005_0073.png
9688,6696,0,9182,5203,1999,0.79536086,1.9999836e-06,19.303640265645218,0.2839679381335432,Platte_20220520_Maize_005_0074.png
13669,2610,105,13272,3112,0,0.8573898,1.9996883e-06,20.014699861913385,0.2920601424321796,Platte_20220520_Maize_005_0075.png
10563,5466,355,10091,326,5967,0.09979426,0.10819507,20.88017356747075,0.2993981107931416,Platte_20220520_Maize_005_0076.png
13575,2658,151,13361,2489,534,0.8082348,1.9999525e-06,22.13439828854852,0.35469417912258433,Platte_20220520_Maize_005_0077.png
13643,2170,571,13988,548,1848,0.32744482,0.10417588,19.390812027801395,0.2424616013895359,Platte_20220520_Maize_005_0078.png
10744,5640,0,10658,5726,0,0.8947734,nan,19.873668397549263,0.35729329571464014,Platte_20220520_Maize_005_0079.png
16313,0,71,16384,0,0,9.999696e-07,1.9995387e-06,21.16427302717153,0.23828376732819234,Platte_20220520_Maize_048_0000.png
15801,0,583,16314,0,70,nan,0.21438633,29.186592511896194,0.6732894521386393,Platte_20220520_Maize_048_0001.png
15894,0,490,16322,15,47,1.9978202e-06,0.16758952,25.957225986952427,0.5052666922671722,Platte_20220520_Maize_048_0002.png
16035,0,349,16068,0,316,nan,0.81499934,20.89254296771991,0.24943671268020604,Platte_20220520_Maize_048_0003.png
16108,0,276,16384,0,0,9.999696e-07,1.999881e-06,19.780213268274963,0.2012407986362014,Platte_20220520_Maize_048_0004.png
15889,0,495,15836,0,548,nan,0.8302733,20.81954218600236,0.2174453940718977,Platte_20220520_Maize_048_0005.png
16069,0,315,16384,0,0,9.999696e-07,1.999896e-06,22.625243875444987,0.3162866249493094,Platte_20220520_Maize_048_0006.png
15534,0,850,16350,0,34,nan,0.07692222,27.796764862596724,0.5588854767417556,Platte_20220520_Maize_048_0007.png
15677,0,707,15720,0,664,nan,0.8489972,19.523698650619593,0.18085068088581965,Platte_20220520_Maize_048_0008.png
16152,0,232,16384,0,0,9.999696e-07,1.9998586e-06,28.20595574921384,0.546035673386081,Platte_20220520_Maize_048_0009.png
15210,0,1174,15378,0,1006,nan,0.8183384,19.94723092364208,0.2145288350229023,Platte_20220520_Maize_048_0010.png
15755,0,629,16173,211,0,1.9998447e-06,1.999948e-06,26.974186658316242,0.5794779071639181,Platte_20220520_Maize_048_0011.png
14302,0,2082,14113,0,2271,nan,0.8077148,19.533717444816396,0.1944199970420846,Platte_20220520_Maize_048_0012.png
14808,0,1576,14627,0,1757,nan,0.87488115,18.879509726311777,0.19951920505365184,Platte_20220520_Maize_048_0013.png
15364,0,1020,15462,922,0,1.9999648e-06,1.999968e-06,20.585767740449977,0.2144454271545814,Platte_20220520_Maize_048_0014.png
16123,0,261,16384,0,0,9.999696e-07,1.9998743e-06,19.468401723532097,0.20873772696562218,Platte_20220520_Maize_048_0015.png
14640,381,1363,15055,52,1277,0.21707562,0.88786995,23.432296820835248,0.38510096079305844,Platte_20220520_Maize_048_0016.png
16134,0,250,16384,0,0,9.999696e-07,1.9998688e-06,24.571693835375964,0.4344553318242103,Platte_20220520_Maize_048_0017.png
15327,0,1057,15182,0,1202,nan,0.81362474,19.102507087235615,0.21018378442167485,Platte_20220520_Maize_048_0018.png
16316,0,68,16384,0,0,9.999696e-07,1.9995184e-06,25.910575996349653,0.4595880885517567,Platte_20220520_Maize_048_0019.png
15884,0,500,16384,0,0,9.999696e-07,1.9999345e-06,19.15292432902714,0.1561269047233135,Platte_20220520_Maize_048_0020.png
15758,233,393,16039,344,1,0.57882524,1.9999168e-06,18.684132215029916,0.18588279450697942,Platte_20220520_Maize_048_0021.png
15491,0,893,15286,0,1098,nan,0.84077185,23.017461417703423,0.3503814682260189,Platte_20220520_Maize_048_0022.png
15472,0,912,15564,81,739,1.9995957e-06,0.74256754,19.366985259982236,0.18453352203234816,Platte_20220520_Maize_048_0023.png
16108,0,276,16384,0,0,9.999696e-07,1.9998815e-06,24.729380572333707,0.37923527301812254,Platte_20220520_Maize_048_0024.png
15429,0,955,15961,64,359,1.9994882e-06,0.41399485,20.30462671019493,0.2731307849443378,Platte_20220520_Maize_048_0025.png
15631,0,753,16246,0,138,nan,0.3052658,21.64016582570423,0.31691259925459964,Platte_20220520_Maize_048_0026.png
16248,0,136,16384,0,0,9.999696e-07,1.999759e-06,21.051621439832473,0.24145338217807102,Platte_20220520_Maize_048_0027.png
15484,0,900,15649,75,660,1.999563e-06,0.7153718,21.36373172312144,0.2701116572867197,Platte_20220520_Maize_048_0028.png
15591,28,765,15879,505,0,1.9999386e-06,1.999957e-06,19.579379289705365,0.24467796387747606,Platte_20220520_Maize_048_0029.png
16205,0,179,16384,0,0,9.999696e-07,1.999817e-06,17.822234738613943,0.15445967941610575,Platte_20220520_Maize_048_0030.png
15725,0,659,16086,298,0,1.99989e-06,1.9999502e-06,18.070099744990763,0.15991300998220026,Platte_20220520_Maize_048_0031.png
15647,0,737,15372,0,1012,nan,0.803875,22.845588608375962,0.35945496140741207,Platte_20220520_Maize_048_0032.png
15765,326,293,16269,115,0,0.51697034,1.9998884e-06,20.726712781639893,0.2286315066864885,Platte_20220520_Maize_048_0033.png
15809,0,575,15752,0,632,nan,0.70255125,22.008854932046376,0.28227824360139997,Platte_20220520_Maize_048_0034.png
15752,0,632,16380,0,4,nan,0.012579968,19.90934304883713,0.19604232512611008,Platte_20220520_Maize_048_0035.png
15580,0,804,15667,0,717,nan,0.7955142,19.149762002132206,0.15535035177726123,Platte_20220520_Maize_048_0036.png
15953,0,431,16289,95,0,1.9996553e-06,1.999924e-06,19.359646471169462,0.20329895399057266,Platte_20220520_Maize_048_0037.png
12543,2774,1067,12747,3511,126,0.78154135,0.21122843,21.406502932593696,0.4080197780318476,Platte_20220520_Maize_048_0038.png
14075,2309,0,13919,2465,0,0.8738964,nan,19.719358660775825,0.2722826320773416,Platte_20220520_Maize_048_0039.png
10851,4126,1407,10128,1341,4915,0.35851464,0.42454898,22.422207085737476,0.46713930747875754,Platte_20220520_Maize_048_0040.png
13904,2444,36,13873,378,2133,0.25159374,0.00092407037,19.560102425520757,0.2404182315974849,Platte_20220520_Maize_048_0041.png
12799,3163,422,13200,3184,0,0.88293433,1.9999225e-06,20.115514888706958,0.3302219006264839,Platte_20220520_Maize_048_0042.png
12914,2862,608,12891,591,2902,0.32898825,0.26096827,21.179625808500223,0.3528852019096254,Platte_20220520_Maize_048_0043.png
13304,2700,380,13466,2465,453,0.90261006,0.7898871,19.669427784757943,0.28476068432096996,Platte_20220520_Maize_048_0044.png
13074,3310,0,12875,3509,0,0.9218338,nan,20.64825629118578,0.3518608720485023,Platte_20220520_Maize_048_0045.png
13629,2052,703,13491,2893,0,0.7789656,1.9999534e-06,19.257356463507918,0.2889250835508261,Platte_20220520_Maize_048_0046.png
13358,3026,0,13433,1308,1643,0.59159887,1.99998e-06,22.861421649792565,0.4482266085505271,Platte_20220520_Maize_048_0047.png
13437,2121,826,13528,235,2621,1.9999864e-06,0.2779222,17.89393383329599,0.25412275848836685,Platte_20220520_Maize_048_0048.png
14505,1879,0,14440,1944,0,0.9128901,nan,19.673386471162548,0.28492024365017954,Platte_20220520_Maize_048_0049.png
13679,2705,0,13566,2818,0,0.9252185,nan,19.920459459849027,0.28635501575672206,Platte_20220520_Maize_048_0050.png
13805,2579,0,13864,2520,0,0.8691867,nan,18.408093569662945,0.2561208305185539,Platte_20220520_Maize_048_0051.png
14286,2098,0,14236,2148,0,0.8963683,nan,22.057265568939695,0.3941204160989584,Platte_20220520_Maize_048_0052.png
13458,2926,0,13520,2864,0,0.9316032,nan,19.00640536767057,0.23307588004847712,Platte_20220520_Maize_048_0053.png
13356,2743,285,13387,2997,0,0.88013655,1.9998852e-06,21.237336668941648,0.383733990800417,Platte_20220520_Maize_048_0054.png
13452,2932,0,13176,3208,0,0.91498095,nan,18.643985751756667,0.250992781148274,Platte_20220520_Maize_048_0055.png
14349,2035,0,14104,2280,0,0.865349,nan,19.906961124132557,0.27908822490479307,Platte_20220520_Maize_048_0056.png
13769,2615,0,13569,1255,1560,0.5772582,1.999979e-06,20.640508822676402,0.32334059210335103,Platte_20220520_Maize_048_0057.png
12278,2408,1698,11945,3488,951,0.74830186,0.51792693,19.60016149320218,0.3242072755059526,Platte_20220520_Maize_048_0058.png
15302,512,570,15394,990,0,0.5153038,1.9999422e-06,18.72640394948701,0.22365335508537998,Platte_20220520_Maize_048_0059.png
13042,2202,1140,12908,2509,967,0.9012907,0.7536687,18.034882544559913,0.2402780804708807,Platte_20220520_Maize_048_0060.png
14328,1977,79,14066,2318,0,0.82234734,1.9995853e-06,20.6456145088719,0.31106615473476773,Platte_20220520_Maize_048_0061.png
11915,2541,1928,12607,1838,1939,0.5275159,0.23222142,18.95125860167414,0.2884371801244012,Platte_20220520_Maize_048_0062.png
13249,3078,57,13479,2829,76,0.85694677,1.9997537e-06,19.63696941408826,0.24722476082406317,Platte_20220520_Maize_048_0063.png
14162,2222,0,14118,2266,0,0.8351118,nan,20.577830180923876,0.3238574867219888,Platte_20220520_Maize_048_0064.png
13910,2474,0,13696,2688,0,0.9271562,nan,19.237601891994284,0.2778858052825856,Platte_20220520_Maize_048_0065.png
13933,2451,0,13543,2841,0,0.8820828,nan,18.747281195792347,0.2697951642104975,Platte_20220520_Maize_048_0066.png
12689,3573,122,12888,3496,0,0.8600915,1.9997312e-06,19.68342526752646,0.27634862499696605,Platte_20220520_Maize_048_0067.png
13918,2240,226,13724,2660,0,0.80407846,1.999855e-06,20.55241288021964,0.26499003464192006,Platte_20220520_Maize_048_0068.png
14819,1210,355,14618,0,1766,1.9999734e-06,0.18858936,23.297410868628567,0.29765452308940127,Platte_20220523_Maize_005_0000.png
15625,0,759,15899,4,481,1.9918764e-06,0.6870806,21.94697167474748,0.251992188519979,Platte_20220523_Maize_005_0001.png
15270,0,1114,15489,0,895,nan,0.78246826,22.72256976499436,0.3159124498083948,Platte_20220523_Maize_005_0002.png
15956,0,428,15725,0,659,nan,0.7488294,20.75757758315738,0.21927873825093744,Platte_20220523_Maize_005_0003.png
15766,0,618,15702,123,559,1.9997333e-06,0.7357505,21.55850007938578,0.2348580357408769,Platte_20220523_Maize_005_0004.png
16223,0,161,16312,0,72,nan,0.51495105,22.238032052535956,0.2475307693718137,Platte_20220523_Maize_005_0005.png
16066,0,318,16100,0,284,nan,0.7308593,21.823183873717674,0.2509830679902318,Platte_20220523_Maize_005_0006.png
16232,0,152,16384,0,0,9.999696e-07,1.9997844e-06,22.34035711957575,0.2596447140853217,Platte_20220523_Maize_005_0007.png
16357,0,27,16384,0,0,9.999696e-07,1.9987879e-06,22.39136564031481,0.2875628415785226,Platte_20220523_Maize_005_0008.png
16020,0,364,16074,0,310,nan,0.7091665,21.6874202157863,0.2162751459537846,Platte_20220523_Maize_005_0009.png
15072,0,1312,15185,29,1170,1.998871e-06,0.6808957,21.31872129931392,0.24615162078764985,Platte_20220523_Maize_005_0010.png
15876,64,444,15836,0,548,1.9994884e-06,0.83465207,20.901562443078063,0.21280015259491736,Platte_20220523_Maize_005_0011.png
15923,0,461,15890,0,494,nan,0.85023457,22.079197143461023,0.2791361386972971,Platte_20220523_Maize_005_0012.png
15304,0,1080,15173,0,1211,nan,0.8930491,22.0872618641852,0.26154129260402775,Platte_20220523_Maize_005_0013.png
15451,0,933,15112,405,867,1.9999193e-06,0.59110236,20.41397416604237,0.1901277193385341,Platte_20220523_Maize_005_0014.png
15709,166,509,15227,0,1157,1.9998026e-06,0.609834,21.266172048716964,0.22617694895268214,Platte_20220523_Maize_005_0015.png
15136,0,1248,14927,0,1457,nan,0.8754076,21.265576257544126,0.23768759157731503,Platte_20220523_Maize_005_0016.png
16227,0,157,16384,0,0,9.999696e-07,1.999791e-06,22.76082177463026,0.2815409846856969,Platte_20220523_Maize_005_0017.png
14048,0,2336,13723,0,2661,nan,0.8885294,20.833900141814713,0.23561529227627506,Platte_20220523_Maize_005_0018.png
14825,0,1559,15355,0,1029,nan,0.6421886,20.992365146762587,0.20549928823370078,Platte_20220523_Maize_005_0019.png
15638,0,746,15575,299,510,1.9998904e-06,0.5270583,20.377993673692707,0.19867155845451237,Platte_20220523_Maize_005_0020.png
14992,105,1287,14728,20,1636,0.31991813,0.86691004,20.653506774013973,0.209067056713788,Platte_20220523_Maize_005_0021.png
12955,72,3357,12499,0,3885,1.999545e-06,0.8619149,21.93685721227713,0.27596217082492364,Platte_20220523_Maize_005_0022.png
15048,1077,259,15346,1038,0,0.73001444,1.9998736e-06,20.735707402436418,0.21511266705200247,Platte_20220523_Maize_005_0023.png
15073,488,823,14940,10,1434,0.032128397,0.6468691,22.681383568499204,0.27573406780221005,Platte_20220523_Maize_005_0024.png
14786,0,1598,14613,0,1771,nan,0.92074126,20.767322227959248,0.22333240688934855,Platte_20220523_Maize_005_0025.png
14529,1702,153,14557,1724,103,0.9281895,0.6639795,21.969552769525805,0.24946172684758905,Platte_20220523_Maize_005_0026.png
15334,30,1020,15109,0,1275,1.9989086e-06,0.85837764,22.088072523039116,0.274884504790722,Platte_20220523_Maize_005_0027.png
15884,0,500,16291,93,0,1.9996478e-06,1.9999347e-06,20.83383132008062,0.22058302294509494,Platte_20220523_Maize_005_0028.png
15216,162,1006,15369,0,1015,1.9997976e-06,0.6788629,22.2183570058618,0.25359913675804124,Platte_20220523_Maize_005_0029.png
15736,0,648,15770,408,206,1.9999195e-06,0.39577132,22.395801513795163,0.2706902459137383,Platte_20220523_Maize_005_0030.png
15562,0,822,15383,0,1001,nan,0.8184186,21.113706757077235,0.2075494912076492,Platte_20220523_Maize_005_0031.png
14731,0,1653,14402,207,1775,1.9998413e-06,0.8185474,21.494191502252566,0.2791137362208235,Platte_20220523_Maize_005_0032.png
11512,0,4872,10798,0,5586,nan,0.9208253,21.83678747193966,0.31136211687880017,Platte_20220523_Maize_005_0033.png
15682,0,702,15584,0,800,nan,0.8348708,20.265097626105025,0.19960999910978025,Platte_20220523_Maize_005_0034.png
15967,0,417,16024,0,360,nan,0.7953352,21.746597640857797,0.2583355742352997,Platte_20220523_Maize_005_0035.png
15569,0,815,15432,0,952,nan,0.8341689,20.002715776475405,0.19576364862282558,Platte_20220523_Maize_005_0036.png
15368,0,1016,15267,0,1117,nan,0.8813762,21.044973524984908,0.21756010687852126,Platte_20220523_Maize_005_0037.png
16040,0,344,16097,0,287,nan,0.7733374,19.95138942444815,0.1617867109929862,Platte_20220523_Maize_005_0038.png
15183,529,672,14907,0,1477,1.9999381e-06,0.4830101,20.92979697099831,0.2255437880797135,Platte_20220523_Maize_005_0039.png
15752,111,521,15776,5,603,0.051711548,0.84695226,20.35490601938624,0.22079630298060823,Platte_20220523_Maize_005_0040.png
15673,0,711,16170,0,214,nan,0.40863612,20.866377792507812,0.21547689990987115,Platte_20220523_Maize_005_0041.png
15350,28,1006,15218,20,1146,0.49966073,0.8773122,21.352359474930545,0.22204239460486316,Platte_20220523_Maize_005_0042.png
15471,482,431,15104,0,1280,1.9999322e-06,0.44184047,21.71763002151242,0.23531284243878173,Platte_20220523_Maize_005_0043.png
11581,3523,1280,11264,2139,2981,0.6905668,0.583898,22.70213390177553,0.3396194997045065,Platte_20220523_Maize_005_0044.png
11151,4530,703,10699,5685,0,0.85756177,1.9999534e-06,21.360008844141007,0.30464164186601855,Platte_20220523_Maize_005_0045.png
14227,1298,859,14260,1305,819,0.8052169,0.7687594,21.773224244098817,0.27740687787390783,Platte_20220523_Maize_005_0046.png
15717,667,0,16082,0,302,1.9999509e-06,1.9998915e-06,21.337286468795682,0.23605737873720103,Platte_20220523_Maize_005_0047.png
13673,2711,0,13311,3073,0,0.90386975,nan,21.695262859778566,0.28889161802277247,Platte_20220523_Maize_005_0048.png
13854,2072,458,14644,496,1244,1.9999875e-06,1.9999807e-06,21.717787228221557,0.2645450573193608,Platte_20220523_Maize_005_0049.png
13300,3084,0,13047,3337,0,0.92695576,nan,22.977775251820404,0.3224308510583565,Platte_20220523_Maize_005_0050.png
13455,2693,236,13584,1370,1430,0.59364736,1.9999804e-06,21.23385340063122,0.25024496734067014,Platte_20220523_Maize_005_0051.png
12641,3743,0,12402,1224,2758,0.45017025,1.999988e-06,22.946716326350387,0.32197401556261074,Platte_20220523_Maize_005_0052.png
14425,1959,0,14326,2058,0,0.8488875,nan,21.450076761519085,0.2473780700373649,Platte_20220523_Maize_005_0053.png
13930,2454,0,13680,2485,219,0.87264264,1.9998502e-06,21.452461562601243,0.25627493841749355,Platte_20220523_Maize_005_0054.png
12649,3735,0,12491,3893,0,0.90324944,nan,22.859826347758098,0.3247379647673472,Platte_20220523_Maize_005_0055.png
11954,4240,190,12002,1826,2556,0.5552249,0.07938928,21.546031722919345,0.27526902057973984,Platte_20220523_Maize_005_0056.png
10261,4569,1554,9657,719,6008,0.18835185,0.34567624,22.72558121219449,0.3422441140630897,Platte_20220523_Maize_005_0057.png
10435,5833,116,10213,6171,0,0.9123621,1.9997171e-06,21.572848641698954,0.32812747269677234,Platte_20220523_Maize_005_0058.png
14162,799,1423,14070,0,2314,1.999959e-06,0.7417672,21.149154908351896,0.24958331926154656,Platte_20220523_Maize_005_0059.png
6509,9875,0,5981,263,10140,0.05188583,1.999997e-06,22.32591291859967,0.38664922455162615,Platte_20220523_Maize_005_0060.png
13636,2748,0,13481,0,2903,1.9999882e-06,1.999989e-06,23.61372517497803,0.36062782344826694,Platte_20220523_Maize_005_0061.png
11027,5320,37,10913,5471,0,0.9393005,1.9991148e-06,21.52961005547274,0.3072451486729139,Platte_20220523_Maize_005_0062.png
7032,9060,292,5295,0,11089,1.9999966e-06,0.050788242,22.790922605074666,0.3917872469582661,Platte_20220523_Maize_005_0063.png
11197,3513,1674,10430,3338,2616,0.87490666,0.7794833,21.140424679825358,0.27935472342550094,Platte_20220523_Maize_005_0064.png
12745,3639,0,12559,0,3825,1.9999914e-06,1.9999918e-06,21.70897931325342,0.2676682205167495,Platte_20220523_Maize_005_0065.png
8219,8165,0,7668,246,8470,0.058258817,1.9999966e-06,24.319718932391517,0.4171053141999712,Platte_20220523_Maize_005_0066.png
8277,7648,459,7042,963,8379,0.1779133,0.085993975,22.087665746320646,0.3179578082175721,Platte_20220523_Maize_005_0067.png
11204,5180,0,10789,1825,3770,0.43683085,1.9999916e-06,21.2656999193197,0.28361795880856017,Platte_20220523_Maize_005_0068.png
12187,4197,0,11551,402,4431,0.16394956,1.9999927e-06,24.120390434225477,0.3495718673136236,Platte_20220523_Maize_005_0069.png
9144,7180,60,8524,1836,6024,0.37821713,0.0069053154,21.556165039269825,0.29602668911139274,Platte_20220523_Maize_005_0070.png
9193,7191,0,8364,6,8014,0.0016693537,1.9999961e-06,21.861630456287394,0.31291946867294773,Platte_20220523_Maize_005_0071.png
9908,5456,1020,8715,0,7669,1.9999943e-06,0.20531829,26.075993786204506,0.46267245496818693,Platte_20220523_Maize_005_0072.png
12687,2846,851,12192,2,4190,0.0014064789,0.31700057,22.724182344407687,0.3005859339169848,Platte_20220523_Maize_005_0073.png
16114,0,270,16374,0,10,nan,0.07142222,20.18675290195166,0.20088001684468715,Platte_20220523_Maize_048_0000.png
13099,0,3285,12543,0,3841,nan,0.89503026,20.519129088258417,0.2748866445634038,Platte_20220523_Maize_048_0001.png
12900,0,3484,12138,79,4167,1.9995846e-06,0.8723027,19.712456118574014,0.23279513116958164,Platte_20220523_Maize_048_0002.png
14934,0,1450,14539,0,1845,nan,0.852801,18.396809212797216,0.16742883786966842,Platte_20220523_Maize_048_0003.png
16204,0,180,16384,0,0,9.999696e-07,1.9998179e-06,21.053137984658736,0.23469939926143413,Platte_20220523_Maize_048_0004.png
16032,0,352,16208,176,0,1.9998135e-06,1.9999072e-06,18.526421887426864,0.15890883658885926,Platte_20220523_Maize_048_0005.png
15504,0,880,15296,0,1088,nan,0.8760038,21.98003078827224,0.2807083463870787,Platte_20220523_Maize_048_0006.png
16097,0,287,16384,0,0,9.999696e-07,1.9998859e-06,20.89479783426743,0.2598462909757897,Platte_20220523_Maize_048_0007.png
14838,0,1546,14603,0,1781,nan,0.8223565,19.489856766976125,0.2225122872685367,Platte_20220523_Maize_048_0008.png
15344,0,1040,15689,152,543,1.999784e-06,0.6013794,19.625763184464738,0.22468664884453035,Platte_20220523_Maize_048_0009.png
15261,0,1123,15075,0,1309,nan,0.8560762,18.848614053832968,0.20755965272164556,Platte_20220523_Maize_048_0010.png
12825,0,3559,12413,223,3748,1.999853e-06,0.8988621,19.45272488615132,0.2148884807537311,Platte_20220523_Maize_048_0011.png
15185,0,1199,14954,0,1430,nan,0.82996505,18.86418897771909,0.16660888823297434,Platte_20220523_Maize_048_0012.png
14482,0,1902,14018,279,2087,1.9998824e-06,0.8192484,20.831061738917608,0.25620542960455894,Platte_20220523_Maize_048_0013.png
15929,0,455,15817,0,567,nan,0.8492898,19.37328432603493,0.21107895573295174,Platte_20220523_Maize_048_0014.png
14227,114,2043,13875,4,2505,0.06777977,0.8676299,19.751903278214332,0.23611475649384273,Platte_20220523_Maize_048_0015.png
14221,0,2163,13757,53,2574,1.9993818e-06,0.82667994,19.7513544140315,0.24339799614143362,Platte_20220523_Maize_048_0016.png
15128,0,1256,14905,0,1479,nan,0.87604284,18.086207428215825,0.19224498612326138,Platte_20220523_Maize_048_0017.png
14758,0,1626,14295,0,2089,nan,0.86029077,20.07807881686674,0.24396385609687307,Platte_20220523_Maize_048_0018.png
15695,0,689,15550,0,834,nan,0.7642667,18.721706809908028,0.18494693784795127,Platte_20220523_Maize_048_0019.png
14841,0,1543,14472,0,1912,nan,0.8706163,18.17021248602113,0.1755935322994923,Platte_20220523_Maize_048_0020.png
11972,625,3787,11425,583,4376,0.88739544,0.91559315,19.381255871347896,0.2510534303556797,Platte_20220523_Maize_048_0021.png
15590,191,603,15449,113,822,0.6380911,0.7606864,18.627820173964228,0.20012839453324902,Platte_20220523_Maize_048_0022.png
15916,0,468,16101,0,283,nan,0.6151551,19.1017284822628,0.16812541331730077,Platte_20220523_Maize_048_0023.png
15628,0,756,15894,0,490,nan,0.67574674,20.08298558389847,0.21820375817975216,Platte_20220523_Maize_048_0024.png
14150,0,2234,13794,0,2590,nan,0.84866965,19.344835498354655,0.1970110482320732,Platte_20220523_Maize_048_0025.png
14926,0,1458,14703,0,1681,nan,0.85631686,18.732531039345794,0.1811085048126937,Platte_20220523_Maize_048_0026.png
16114,0,270,16255,129,0,1.9997458e-06,1.9998786e-06,17.708117085244478,0.13695902778952448,Platte_20220523_Maize_048_0027.png
15266,0,1118,15108,0,1276,nan,0.88971436,18.945106744569287,0.1783778077783786,Platte_20220523_Maize_048_0028.png
11813,1498,3073,11287,1399,3698,0.8815939,0.88051766,19.483878590502652,0.25840193837261843,Platte_20220523_Maize_048_0029.png
13979,0,2405,13362,0,3022,nan,0.88040966,19.77319031795692,0.21121667727921958,Platte_20220523_Maize_048_0030.png
14824,0,1560,14853,0,1531,nan,0.84049803,18.98701528611006,0.16442251998159405,Platte_20220523_Maize_048_0031.png
15301,0,1083,15193,0,1191,nan,0.86014825,18.370856643369933,0.17700456961948363,Platte_20220523_Maize_048_0032.png
14965,0,1419,14719,0,1665,nan,0.90012234,18.85374515390007,0.18606838319019858,Platte_20220523_Maize_048_0033.png
16176,0,208,16384,0,0,9.999696e-07,1.9998424e-06,18.667058653596115,0.1607988314155156,Platte_20220523_Maize_048_0034.png
13112,2612,660,12804,2659,921,0.72775316,0.22137633,19.34368206161702,0.22605791026767263,Platte_20220523_Maize_048_0035.png
16072,0,312,16015,0,369,nan,0.8399028,19.68131645348155,0.23143738207466247,Platte_20220523_Maize_048_0036.png
14573,0,1811,14279,0,2105,nan,0.88354945,18.902623116164104,0.20114789284188198,Platte_20220523_Maize_048_0037.png
14055,416,1913,13816,0,2568,1.999921e-06,0.8078515,19.43770248896037,0.24398778314346678,Platte_20220523_Maize_048_0038.png
16193,0,191,16200,0,184,nan,0.6346132,18.89865212250497,0.20499560630430488,Platte_20220523_Maize_048_0039.png
15112,0,1272,14940,0,1444,nan,0.85492545,18.77432760595261,0.2273222287562394,Platte_20220523_Maize_048_0040.png
15790,0,594,15935,0,449,nan,0.7727485,18.915347087016475,0.18614319662277903,Platte_20220523_Maize_048_0041.png
14995,465,924,14949,583,852,0.7938706,0.75449264,21.353122414177413,0.26869818165199755,Platte_20220523_Maize_048_0042.png
15415,0,969,15370,0,1014,nan,0.8461809,20.92073502151363,0.2459441757811526,Platte_20220523_Maize_048_0043.png
15753,0,631,15657,0,727,nan,0.8659605,20.65402455759164,0.26422515460591367,Platte_20220523_Maize_048_0044.png
14894,0,1490,14731,0,1653,nan,0.88704354,19.89268660485488,0.21362673570927804,Platte_20220523_Maize_048_0045.png
7778,4966,3640,6469,503,9412,0.18028982,0.5520998,21.75933854399205,0.37786075096624866,Platte_20220523_Maize_048_0046.png
13347,2919,118,12970,3414,0,0.8782543,1.9997221e-06,20.34986443519859,0.26432331548510324,Platte_20220523_Maize_048_0047.png
10619,5466,299,10128,3873,2383,0.682728,1.9999877e-06,20.055153721279034,0.28592462626502885,Platte_20220523_Maize_048_0048.png
8473,6938,973,8112,2469,5803,0.4566816,0.18978858,21.242841327655775,0.3282988016053136,Platte_20220523_Maize_048_0049.png
11458,4853,73,11266,5118,0,0.92668647,1.9995514e-06,21.15504752443792,0.2954741612381859,Platte_20220523_Maize_048_0050.png
12865,1599,1920,12901,2104,1379,0.6346171,0.7614375,19.969168088912205,0.23904435250332753,Platte_20220523_Maize_048_0051.png
11102,4060,1222,10841,2991,2552,0.6747968,0.4377301,21.433363204586612,0.3262617291372704,Platte_20220523_Maize_048_0052.png
9120,5613,1651,8546,735,7103,0.1865165,0.3454428,21.016394291877774,0.3212948764090517,Platte_20220523_Maize_048_0053.png
14315,784,1285,13986,2,2396,1.9999582e-06,0.67209613,20.451383723826307,0.2814598944163536,Platte_20220523_Maize_048_0054.png
10787,4186,1411,10192,956,5236,0.33333325,0.37972033,21.56626534149016,0.31443802077679334,Platte_20220523_Maize_048_0055.png
11792,4531,61,11521,4863,0,0.94698614,1.9994632e-06,19.398114991406217,0.2506310423744796,Platte_20220523_Maize_048_0056.png
8527,4310,3547,7865,394,8125,1.9999934e-06,0.5209053,21.353161009996548,0.3320411054674282,Platte_20220523_Maize_048_0057.png
11913,4471,0,11480,1304,3600,0.43082213,1.9999914e-06,20.955154933968743,0.3203227355461638,Platte_20220523_Maize_048_0058.png
8334,7045,1005,6890,1105,8389,0.20490913,0.17074867,19.78821330935112,0.30934699779429814,Platte_20220523_Maize_048_0059.png
12301,3614,469,11963,4421,0,0.8709382,1.9999304e-06,20.117236098542012,0.2472922997891377,Platte_20220523_Maize_048_0060.png
8861,5521,2002,8183,3940,4261,0.76566905,0.6252582,20.550215856857275,0.31258116820941984,Platte_20220523_Maize_048_0061.png
10179,6205,0,9562,5506,1316,0.85902107,1.999975e-06,19.74764123326851,0.26644598974311895,Platte_20220523_Maize_048_0062.png
11138,5246,0,10825,1656,3903,0.46044612,1.999992e-06,19.429913460706747,0.2795069590454829,Platte_20220523_Maize_048_0063.png
10901,5400,83,10663,5670,51,0.9212279,1.9997553e-06,19.215429599074408,0.26722265652395105,Platte_20220523_Maize_048_0064.png
9481,6903,0,8445,380,7559,0.10353029,1.9999961e-06,21.019804984646974,0.297528211189693,Platte_20220523_Maize_048_0065.png
12417,3967,0,12065,1543,2776,0.50889194,1.9999882e-06,18.678922358476555,0.22918452172152937,Platte_20220523_Maize_048_0066.png
